5 + 3

5 - 3

5 * 3

5 / 3

5 %% 3

a <- 5

a

b <-3

b

c <- 7

a * c
